79 85
79 83
78 86
78 83
77 87
77 86
76 88
75 89
75 88
75 87
75 86
74 90
74 85
74 78
73 90
73 87
73 81
73 80
73 78
72 90
72 87
72 81
71 89
71 81
70 88
70 87
70 86
70 85
70 83
69 87
69 83
68 86
68 79
68 78
68 77
68 76
68 75
68 74
67 86
67 85
67 84
67 83
67 82
67 79
67 73
66 79
65 86
65 85
65 84
65 83
65 82
65 78
65 73
64 86
64 76
64 75
63 87
63 83
63 80
62 88
62 87
62 86
62 85
62 83
61 89
61 81
61 79
60 90
60 87
60 81
59 90
59 87
59 81
59 80
59 79
58 90
58 85
57 89
57 88
57 87
57 86
56 88
55 87
55 86
54 86
54 83
53 85
53 83
179	185
179	183
178	186
178	183
177	187
177	186
176	188
175	189
175	188
175	187
175	186
174	190
174	185
174	178
173	190
173	187
173	181
173	180
173	178
172	190
172	187
172	181
171	189
171	181
170	188
170	187
170	186
170	185
170	183
169	187
169	183
168	186
168	179
168	178
168	177
168	176
168	175
168	174
167	186
167	185
167	184
167	183
167	182
167	179
167	173
166	179
165	186
165	185
165	184
165	183
165	182
165	178
165	173
164	186
164	176
164	175
163	187
163	183
163	180
162	188
162	187
162	186
162	185
162	183
161	189
161	181
161	179
160	190
160	187
160	181
159	190
159	187
159	181
159	180
159	179
158	190
158	185
157	189
157	188
157	187
157	186
156	188
155	187
155	186
154	186
154	183
153	185
153	183
279	285
279	283
278	286
278	283
277	287
277	286
276	288
275	289
275	288
275	287
275	286
274	290
274	285
274	278
273	290
273	287
273	281
273	280
273	278
272	290
272	287
272	281
271	289
271	281
270	288
270	287
270	286
270	285
270	283
269	287
269	283
268	286
268	279
268	278
268	277
268	276
268	275
268	274
267	286
267	285
267	284
267	283
267	282
267	279
267	273
266	279
265	286
265	285
265	284
265	283
265	282
265	278
265	273
264	286
264	276
264	275
263	287
263	283
263	280
262	288
262	287
262	286
262	285
262	283
261	289
261	281
261	279
260	290
260	287
260	281
259	290
259	287
259	281
259	280
259	279
258	290
258	285
257	289
257	288
257	287
257	286
256	288
255	287
255	286
254	286
254	283
253	285
253	283
379	385
379	383
378	386
378	383
377	387
377	386
376	388
375	389
375	388
375	387
375	386
374	390
374	385
374	378
373	390
373	387
373	381
373	380
373	378
372	390
372	387
372	381
371	389
371	381
370	388
370	387
370	386
370	385
370	383
369	387
369	383
368	386
368	379
368	378
368	377
368	376
368	375
368	374
367	386
367	385
367	384
367	383
367	382
367	379
367	373
366	379
365	386
365	385
365	384
365	383
365	382
365	378
365	373
364	386
364	376
364	375
363	387
363	383
363	380
362	388
362	387
362	386
362	385
362	383
361	389
361	381
361	379
360	390
360	387
360	381
359	390
359	387
359	381
359	380
359	379
358	390
358	385
357	389
357	388
357	387
357	386
356	388
355	387
355	386
354	386
354	383
353	385
353	383
479	485
479	483
478	486
478	483
477	487
477	486
476	488
475	489
475	488
475	487
475	486
474	490
474	485
474	478
473	490
473	487
473	481
473	480
473	478
472	490
472	487
472	481
471	489
471	481
470	488
470	487
470	486
470	485
470	483
469	487
469	483
468	486
468	479
468	478
468	477
468	476
468	475
468	474
467	486
467	485
467	484
467	483
467	482
467	479
467	473
466	479
465	486
465	485
465	484
465	483
465	482
465	478
465	473
464	486
464	476
464	475
463	487
463	483
463	480
462	488
462	487
462	486
462	485
462	483
461	489
461	481
461	479
460	490
460	487
460	481
459	490
459	487
459	481
459	480
459	479
458	490
458	485
457	489
457	488
457	487
457	486
456	488
455	487
455	486
454	486
454	483
453	485
453	483
579	585
579	583
578	586
578	583
577	587
577	586
576	588
575	589
575	588
575	587
575	586
574	590
574	585
574	578
573	590
573	587
573	581
573	580
573	578
572	590
572	587
572	581
571	589
571	581
570	588
570	587
570	586
570	585
570	583
569	587
569	583
568	586
568	579
568	578
568	577
568	576
568	575
568	574
567	586
567	585
567	584
567	583
567	582
567	579
567	573
566	579
565	586
565	585
565	584
565	583
565	582
565	578
565	573
564	586
564	576
564	575
563	587
563	583
563	580
562	588
562	587
562	586
562	585
562	583
561	589
561	581
561	579
560	590
560	587
560	581
559	590
559	587
559	581
559	580
559	579
558	590
558	585
557	589
557	588
557	587
557	586
556	588
555	587
555	586
554	586
554	583
553	585
553	583
679	685
679	683
678	686
678	683
677	687
677	686
676	688
675	689
675	688
675	687
675	686
674	690
674	685
674	678
673	690
673	687
673	681
673	680
673	678
672	690
672	687
672	681
671	689
671	681
670	688
670	687
670	686
670	685
670	683
669	687
669	683
668	686
668	679
668	678
668	677
668	676
668	675
668	674
667	686
667	685
667	684
667	683
667	682
667	679
667	673
666	679
665	686
665	685
665	684
665	683
665	682
665	678
665	673
664	686
664	676
664	675
663	687
663	683
663	680
662	688
662	687
662	686
662	685
662	683
661	689
661	681
661	679
660	690
660	687
660	681
659	690
659	687
659	681
659	680
659	679
658	690
658	685
657	689
657	688
657	687
657	686
656	688
655	687
655	686
654	686
654	683
653	685
653	683
779	785
779	783
778	786
778	783
777	787
777	786
776	788
775	789
775	788
775	787
775	786
774	790
774	785
774	778
773	790
773	787
773	781
773	780
773	778
772	790
772	787
772	781
771	789
771	781
770	788
770	787
770	786
770	785
770	783
769	787
769	783
768	786
768	779
768	778
768	777
768	776
768	775
768	774
767	786
767	785
767	784
767	783
767	782
767	779
767	773
766	779
765	786
765	785
765	784
765	783
765	782
765	778
765	773
764	786
764	776
764	775
763	787
763	783
763	780
762	788
762	787
762	786
762	785
762	783
761	789
761	781
761	779
760	790
760	787
760	781
759	790
759	787
759	781
759	780
759	779
758	790
758	785
757	789
757	788
757	787
757	786
756	788
755	787
755	786
754	786
754	783
753	785
753	783
879	885
879	883
878	886
878	883
877	887
877	886
876	888
875	889
875	888
875	887
875	886
874	890
874	885
874	878
873	890
873	887
873	881
873	880
873	878
872	890
872	887
872	881
871	889
871	881
870	888
870	887
870	886
870	885
870	883
869	887
869	883
868	886
868	879
868	878
868	877
868	876
868	875
868	874
867	886
867	885
867	884
867	883
867	882
867	879
867	873
866	879
865	886
865	885
865	884
865	883
865	882
865	878
865	873
864	886
864	876
864	875
863	887
863	883
863	880
862	888
862	887
862	886
862	885
862	883
861	889
861	881
861	879
860	890
860	887
860	881
859	890
859	887
859	881
859	880
859	879
858	890
858	885
857	889
857	888
857	887
857	886
856	888
855	887
855	886
854	886
854	883
853	885
853	883
1	520
2	520
1	521
2	521
11	520
11	521
11	522
12	519
13	518
14	518
12	523
13	524
14	524
15	521
16	519
17	520
17	521
17	522
16	523
18	521
21	518
21	519
21	520
22	518
22	519
22	520
23	517
23	521
25	516
25	517
25	521
25	522
36	518
35	518
36	519
35	519
599	520
598	520
599	521
598	521
589	520
589	521
589	522
588	519
587	518
586	518
588	523
587	524
586	524
585	521
584	519
583	520
583	521
583	522
584	523
582	521
579	518
579	519
579	520
578	518
578	519
578	520
577	517
577	521
575	516
575	517
575	521
575	522
564	518
565	518
564	519
565	519